[ColorCameraIntrinsics]
coeffs = [0.16531717777252197, -0.5255584716796875, 0.00112882349640131, -0.00019332738884259015, 0.45644593238830566]
fx = 901.27783203125
fy = 901.40576171875
width = 1280
height = 720
ppx = 642.5967407226562
ppy = 371.69073486328125

[DepthCameraIntrinsics]
depth_scale = 0.0002500000118743628

